# Created by Octave 3.8.1, Fri Mar 27 22:46:51 2015 IST <ayush123@HP-Ayush>
# name: dat
# type: matrix
# rows: 51
# columns: 2
 0 0
 0 1
 1 2
 0 3
 3 4
 6 5
 15 6
 57 7
 92 8
 209 9
 374 10
 609 11
 848 12
 1040 13
 1189 14
 1247 15
 1149 16
 1005 17
 774 18
 512 19
 382 20
 230 21
 138 22
 58 23
 34 24
 23 25
 5 26
 0 27
 0 28
 0 29
 0 30
 0 31
 0 32
 0 33
 0 34
 0 35
 0 36
 0 37
 0 38
 0 39
 0 40
 0 41
 0 42
 0 43
 0 44
 0 45
 0 46
 0 47
 0 48
 0 49
 0 50


