# Created by Octave 3.8.1, Fri Mar 27 22:46:51 2015 IST <ayush123@HP-Ayush>
# name: dat
# type: matrix
# rows: 51
# columns: 2
 0 0
 0 1
 0 2
 0 3
 0 4
 0 5
 0 6
 6 7
 10 8
 32 9
 27 10
 54 11
 90 12
 120 13
 117 14
 126 15
 98 16
 107 17
 75 18
 56 19
 39 20
 19 21
 9 22
 8 23
 4 24
 2 25
 1 26
 0 27
 0 28
 0 29
 0 30
 0 31
 0 32
 0 33
 0 34
 0 35
 0 36
 0 37
 0 38
 0 39
 0 40
 0 41
 0 42
 0 43
 0 44
 0 45
 0 46
 0 47
 0 48
 0 49
 0 50


