# Created by Octave 3.8.1, Fri Mar 27 22:46:51 2015 IST <ayush123@HP-Ayush>
# name: dat
# type: matrix
# rows: 51
# columns: 2
 0 0
 0 1
 1 2
 2 3
 13 4
 57 5
 171 6
 476 7
 1110 8
 2142 9
 3837 10
 6005 11
 8529 12
 10506 13
 11886 14
 12256 15
 11476 16
 9718 17
 7662 18
 5630 19
 3709 20
 2292 21
 1327 22
 668 23
 288 24
 154 25
 60 26
 16 27
 6 28
 2 29
 0 30
 0 31
 1 32
 0 33
 0 34
 0 35
 0 36
 0 37
 0 38
 0 39
 0 40
 0 41
 0 42
 0 43
 0 44
 0 45
 0 46
 0 47
 0 48
 0 49
 0 50


