# Created by Octave 3.8.1, Fri Mar 27 22:46:51 2015 IST <ayush123@HP-Ayush>
# name: dat
# type: matrix
# rows: 51
# columns: 2
 0 0
 0 1
 8 2
 36 3
 125 4
 579 5
 1693 6
 4845 7
 11045 8
 21963 9
 38585 10
 60166 11
 83539 12
 104689 13
 118568 14
 123054 15
 114421 16
 98272 17
 77582 18
 55335 19
 37350 20
 22864 21
 12960 22
 6853 23
 3107 24
 1476 25
 564 26
 223 27
 65 28
 22 29
 7 30
 3 31
 1 32
 0 33
 0 34
 0 35
 0 36
 0 37
 0 38
 0 39
 0 40
 0 41
 0 42
 0 43
 0 44
 0 45
 0 46
 0 47
 0 48
 0 49
 0 50


