# Created by Octave 3.8.1, Fri Mar 27 22:46:51 2015 IST <ayush123@HP-Ayush>
# name: dat
# type: matrix
# rows: 51
# columns: 2
 1 0
 0 1
 1 2
 3 3
 6 4
 23 5
 34 6
 80 7
 176 8
 330 9
 461 10
 705 11
 902 12
 1096 13
 1183 14
 1172 15
 1141 16
 928 17
 657 18
 487 19
 293 20
 152 21
 90 22
 58 23
 12 24
 7 25
 2 26
 0 27
 0 28
 0 29
 0 30
 0 31
 0 32
 0 33
 0 34
 0 35
 0 36
 0 37
 0 38
 0 39
 0 40
 0 41
 0 42
 0 43
 0 44
 0 45
 0 46
 0 47
 0 48
 0 49
 0 50


