# Created by Octave 3.8.1, Fri Mar 27 22:46:51 2015 IST <ayush123@HP-Ayush>
# name: dat
# type: matrix
# rows: 51
# columns: 2
 1 0
 2 1
 8 2
 31 3
 60 4
 169 5
 419 6
 893 7
 1742 8
 3021 9
 4741 10
 6887 11
 9117 12
 11064 13
 11971 14
 12040 15
 10987 16
 9033 17
 6843 18
 4807 19
 3024 20
 1590 21
 847 22
 425 23
 172 24
 71 25
 28 26
 5 27
 1 28
 1 29
 0 30
 0 31
 0 32
 0 33
 0 34
 0 35
 0 36
 0 37
 0 38
 0 39
 0 40
 0 41
 0 42
 0 43
 0 44
 0 45
 0 46
 0 47
 0 48
 0 49
 0 50


