# Created by Octave 3.8.1, Fri Mar 27 22:46:51 2015 IST <ayush123@HP-Ayush>
# name: dat
# type: matrix
# rows: 51
# columns: 2
 0 0
 0 1
 0 2
 0 3
 0 4
 3 5
 1 6
 12 7
 17 8
 24 9
 38 10
 76 11
 89 12
 112 13
 96 14
 132 15
 123 16
 98 17
 66 18
 51 19
 27 20
 14 21
 17 22
 1 23
 2 24
 1 25
 0 26
 0 27
 0 28
 0 29
 0 30
 0 31
 0 32
 0 33
 0 34
 0 35
 0 36
 0 37
 0 38
 0 39
 0 40
 0 41
 0 42
 0 43
 0 44
 0 45
 0 46
 0 47
 0 48
 0 49
 0 50


