# Created by Octave 3.8.1, Fri Mar 27 22:46:51 2015 IST <ayush123@HP-Ayush>
# name: dat
# type: matrix
# rows: 51
# columns: 2
 8 0
 16 1
 81 2
 246 3
 680 4
 1687 5
 4002 6
 8764 7
 16896 8
 29837 9
 46895 10
 68489 11
 92053 12
 110309 13
 120744 14
 120793 15
 110338 16
 91159 17
 68964 18
 47086 19
 29403 20
 16331 21
 8487 22
 3962 23
 1714 24
 677 25
 276 26
 80 27
 12 28
 7 29
 1 30
 0 31
 0 32
 0 33
 0 34
 0 35
 0 36
 0 37
 0 38
 0 39
 0 40
 0 41
 0 42
 0 43
 0 44
 0 45
 0 46
 0 47
 0 48
 0 49
 0 50


