# Created by Octave 3.8.1, Fri Mar 27 22:46:51 2015 IST <ayush123@HP-Ayush>
# name: dat
# type: matrix
# rows: 51
# columns: 2
 0 0
 0 1
 0 2
 2 3
 10 4
 23 5
 50 6
 113 7
 194 8
 316 9
 440 10
 644 11
 825 12
 962 13
 1060 14
 1038 15
 982 16
 827 17
 668 18
 561 19
 430 20
 291 21
 213 22
 144 23
 83 24
 55 25
 27 26
 25 27
 7 28
 6 29
 4 30
 0 31
 0 32
 0 33
 0 34
 0 35
 0 36
 0 37
 0 38
 0 39
 0 40
 0 41
 0 42
 0 43
 0 44
 0 45
 0 46
 0 47
 0 48
 0 49
 0 50


