# Created by Octave 3.8.1, Fri Mar 27 22:46:51 2015 IST <ayush123@HP-Ayush>
# name: dat
# type: matrix
# rows: 51
# columns: 2
 0 0
 0 1
 0 2
 0 3
 1 4
 5 5
 6 6
 5 7
 25 8
 27 9
 46 10
 60 11
 94 12
 95 13
 115 14
 101 15
 102 16
 76 17
 58 18
 62 19
 48 20
 19 21
 21 22
 17 23
 6 24
 8 25
 1 26
 2 27
 0 28
 0 29
 0 30
 0 31
 0 32
 0 33
 0 34
 0 35
 0 36
 0 37
 0 38
 0 39
 0 40
 0 41
 0 42
 0 43
 0 44
 0 45
 0 46
 0 47
 0 48
 0 49
 0 50


