# Created by Octave 3.8.1, Fri Mar 27 22:46:51 2015 IST <ayush123@HP-Ayush>
# name: dat
# type: matrix
# rows: 51
# columns: 2
 0 0
 0 1
 3 2
 18 3
 66 4
 201 5
 472 6
 1025 7
 1990 8
 3403 9
 4885 10
 6628 11
 8403 12
 9497 13
 10318 14
 10150 15
 9647 16
 8419 17
 6867 18
 5538 19
 4136 20
 2952 21
 2063 22
 1344 23
 875 24
 500 25
 289 26
 147 27
 75 28
 45 29
 26 30
 13 31
 3 32
 1 33
 0 34
 1 35
 0 36
 0 37
 0 38
 0 39
 0 40
 0 41
 0 42
 0 43
 0 44
 0 45
 0 46
 0 47
 0 48
 0 49
 0 50


