# Created by Octave 3.8.1, Fri Mar 27 22:46:51 2015 IST <ayush123@HP-Ayush>
# name: dat
# type: matrix
# rows: 51
# columns: 2
 0 0
 5 1
 38 2
 171 3
 611 4
 1965 5
 4809 6
 10456 7
 19531 8
 32776 9
 48506 10
 66224 11
 82886 12
 95364 13
 102385 14
 102112 15
 96580 16
 84560 17
 70268 18
 55833 19
 41772 20
 29734 21
 20402 22
 13374 23
 8384 24
 5066 25
 2878 26
 1582 27
 855 28
 414 29
 241 30
 115 31
 53 32
 28 33
 12 34
 7 35
 2 36
 1 37
 0 38
 0 39
 0 40
 0 41
 0 42
 0 43
 0 44
 0 45
 0 46
 0 47
 0 48
 0 49
 0 50


